0.2800	-4.5375	0.2512	
0.3900	-3.6058	1.8527	
0.4700	-3.4593	2.1954	
0.5460	-3.6773	2.4433	
0.6230	-4.0431	2.3682	
0.6980	-4.3296	1.8044	
0.7660	-4.9095	0.9126	
0.8190	-5.3887	-0.6805	
0.8650	-5.6560	-3.0049	
0.9000	-5.5167	-5.9253	
0.9250	-4.7344	-9.5103	
0.9420	-3.0232	-13.1279
0.9550	0.3325	-16.5612
0.9640	5.0689	-18.7736
0.9720	11.2239	-19.0917
0.9780	13.5084	-20.5864
0.9830	25.0286	-9.9953	
0.9900	20.5853	-3.5462	
1.0010	13.6332	1.3014	
1.0230	10.7829	2.1509	
1.0510	8.9214	3.5263	
1.0830	7.0397	5.1648	
1.1160	5.0869	5.6544	
1.1490	4.0506	5.6613	
1.1790	2.9115	5.8285	
1.2050	2.9060	5.8213	
1.2270	1.8887	5.9730	
1.2450	1.8109	5.8510	
1.2610	1.3444	5.9301	
1.2760	0.8253	6.0143	
1.2890	0.4045	5.8978	
1.3020	0.1231	5.8921	
1.3140	-0.3263	5.8920	
1.3260	-0.3954	6.0184	
1.3380	-0.8919	5.8367	
1.3510	-1.3996	5.9225	
1.3630	-1.6688	5.9518	
1.3750	-2.1602	5.7953	
1.3870	-2.7343	6.0039	
1.3990	-3.2887	5.7591	
1.4110	-4.1016	5.5472	
1.4240	-4.8115	5.2807	
1.4370	-5.6947	4.4447	
1.4500	-6.7837	3.3467	
1.4650	-7.1294	1.7117	
1.4840	-7.0667	-0.9738	
1.5110	-3.6509	-3.4300	
1.5540	-1.4726	-1.9657	
1.6130	-0.3790	-2.2739	
1.8230	3.7498	0.1957	