0.2800	-5.1575	0.1959	
0.3860	-3.9736	1.8383	
0.4620	-3.7639	2.1422	
0.5350	-3.8840	2.4213	
0.6080	-4.2190	2.3984	
0.6800	-4.3951	1.9438	
0.7480	-4.8382	1.1656	
0.8010	-5.3554	-0.1094
0.8500	-5.5970	-2.3387
0.8880	-5.4688	-4.9269
0.9170	-5.0568	-8.2284
0.9360	-3.4712	-11.937
0.9510	-0.8286	-15.495
0.9610	3.6551	-18.292
0.9690	9.1905	-19.067
0.9760	15.6558	-18.575
0.9820	22.4848	-13.248
0.9880	23.2914	-5.0759
0.9970	15.1838	0.8857	
1.0170	11.2800	2.4185	
1.0430	9.4431	3.3573	
1.0750	7.5505	4.9877	
1.1090	5.4393	5.7933	
1.1430	4.1671	5.6790	
1.1740	3.0741	5.8503	
1.2010	2.8946	5.7735	
1.2230	2.1135	5.9486	
1.2420	1.8196	5.8924	
1.2590	1.5157	5.9147	
1.2740	0.9300	6.0976	
1.2880	0.4582	6.0136	
1.3010	0.2027	5.9753	
1.3140	-0.2880	6.0031	
1.3260	-0.3787	6.1124	
1.3390	-0.9222	5.9198	
1.3510	-1.4031	6.0154	
1.3640	-1.5783	6.0513	
1.3760	-2.2565	5.8651	
1.3890	-2.7312	6.1236	
1.4010	-3.3876	5.8442	
1.4140	-4.2414	5.6235	
1.4260	-4.7869	5.2816	
1.4400	-5.9740	4.3748	
1.4540	-6.8733	2.9715	
1.4700	-7.0400	1.3701	
1.4900	-6.4809	-1.9085
1.5200	-2.3815	-3.4261
1.5650	-1.2653	-2.0361
1.6220	0.1213	-2.4202
1.8240	3.6282	0.5010
