0.27914 0.247002 3.14159
0.436528 0.178024 2.32097
0.55063 0.216057 2.46565
0.64485 0.247087 2.56452
0.726958 0.274888 2.63044
0.800691 0.302297 2.67468
0.868184 0.331179 2.704
0.930795 0.363015 2.72229
0.989453 0.399263 2.73171
1.04482 0.441623 2.73328
1.0974 0.492306 2.72716
1.14758 0.554394 2.71266
1.19564 0.632397 2.68809
1.24185 0.733197 2.65022
1.28641 0.867617 2.59324
1.32947 1.05283 2.50659
1.37117 1.31402 2.37046
1.41165 1.6717 2.14878
1.451 2.05405 1.79427
1.4893 2.1527 1.32944
1.52665 1.84595 0.915888
1.56311 1.45941 0.641753
1.59873 1.15974 0.472434
1.63358 0.946997 0.364124
1.6677 0.794558 0.290965
1.70113 0.681996 0.239055
1.73392 0.596239 0.200703
1.7661 0.52906 0.171428
1.79771 0.475167 0.148484
1.82877 0.431054 0.130105
