0.28    2.7 -3.4
0.36	2.5	-3.83
0.448  2.2 -3.9
0.49	2.49	-4.
0.55    3.2 -3.7
0.6	2.9	-3.9
0.647   3.3 -3.7
0.69	3.74	-3.73
0.736   5.0 -3.4
0.77	5.0	-3.2
0.803   5.1 -2.9
0.83	5.33 -2.78
0.873   6.7 -2.6
0.9		8.52	-2.37
0.921   10.7    -2.2
0.951   16.3    -1.9
0.968   22.9    -1.4
0.980   27.2    -0.8
0.987   24.55	-0.528
0.993   20.4    -0.3
1.024   11.8    0.1
1.04	10.66 0.16
1.078   8.8 0.4
1.135   7.4 0.9
1.16	6.74 0.97
1.193   6.3 1.1
1.21	6.5 1.24
1.235   7.0 1.4
1.267   6.9 1.4
1.297   6.1 1.8
1.323   6.7 1.7
1.35    7.0 1.8
1.376   7.5 2.0
1.402   9.2 2.1
1.427   9.1 2.3
1.44	9.0	2.41
1.455   9.1 2.6
1.47	8.2	2.82
1.492   7.0 3.1
1.52	3.8	3.6
1.53	2.8	3.98
1.557   2.3 4.3
1.578	2.3	4.4
1.6	2.3	4.48
1.62	2.4	4.6
1.64    2.8 4.7
1.659	2.9	4.95
1.68	3.	5.27
1.70	3.	5.50
1.735   3.1 6.0
