0.27914 -0.256947 -0.258056
0.38024 -0.264254 -0.267547
0.459614 -0.271969 -0.277742
0.52717 -0.280125 -0.288722
0.587001 -0.288757 -0.300578
0.641275 -0.297905 -0.313416
0.691301 -0.30761 -0.32736
0.737943 -0.317919 -0.342555
0.781807 -0.328882 -0.359172
0.823338 -0.340552 -0.377411
0.862872 -0.352986 -0.397513
0.900672 -0.366243 -0.419766
0.936949 -0.38038 -0.444521
0.971873 -0.395454 -0.4722
1.00558 -0.41151 -0.503326
1.0382 -0.428578 -0.538546
1.06982 -0.446651 -0.578669
1.10054 -0.465664 -0.624716
1.13042 -0.485451 -0.677987
1.15953 -0.505673 -0.74016
1.18793 -0.525693 -0.813407
1.21566 -0.544378 -0.900567
1.24278 -0.559724 -1.00536
1.26932 -0.568225 -1.1326
1.29531 -0.563728 -1.2884
1.32079 -0.535429 -1.47991
1.34579 -0.464488 -1.7138
1.37033 -0.319106 -1.99121
1.39445 -0.0506123 -2.29406
1.41815 0.396932 -2.55785
1.44146 1.03406 -2.64636
1.4644 1.73061 -2.40665
1.48699 2.23307 -1.84784
1.50924 2.39799 -1.18957
1.53116 2.30072 -0.63904
1.55278 2.08539 -0.256686
1.5741 1.84755 -0.0143606
1.59513 1.62831 0.132728
1.61589 1.43934 0.219771
1.63639 1.2804 0.269853
1.65663 1.14753 0.297247
1.67663 1.03617 0.310647
1.6964 0.942279 0.315369
1.71593 0.862489 0.314704
1.73525 0.794128 0.310712
1.75435 0.735083 0.304704
1.77325 0.683689 0.297518
1.79195 0.638629 0.289699
1.81045 0.598856 0.281598
1.82877 0.56353 0.273445
